0.342434 5.1905 -29.6798 0.385979 0.818968
0.690792 5.3843 -29.3541 0.385979 0.818968
1.05733 5.58822 -29.0114 0.385979 0.818968
1.41622 5.78788 -28.6758 0.385979 0.818968
1.75652 5.9772 -28.3576 0.385979 0.818968
2.12948 6.18468 -28.0089 0.385979 0.818968
2.4826 6.35698 -27.6431 0.278043 0.728782
2.8123 6.49829 -27.2738 0.278043 0.728782
3.16845 6.65094 -26.8748 0.278043 0.728782
3.50007 6.79308 -26.5034 0.278043 0.728782
3.82336 6.93164 -26.1412 0.278043 0.728782
4.13883 7.07663 -25.7572 0.277626 0.642283
4.47936 7.23864 -25.302 0.277626 0.642283
4.78793 7.38544 -24.8896 0.277626 0.642283
5.1061 7.53681 -24.4643 0.277626 0.642283
5.3973 7.67535 -24.075 0.277626 0.642283
5.67434 7.83688 -23.6848 0.395949 0.557435
5.91113 8.04957 -23.3004 0.445886 0.557773
6.1555 8.26638 -22.9183 0.445886 0.57464
6.40775 8.47397 -22.5288 0.395802 0.57464
6.65433 8.65723 -22.1362 0.36282 0.558156
6.89824 8.80999 -21.7251 0.27815 0.524136
7.14166 8.93142 -21.304 0.227903 0.524136
7.38788 9.03543 -20.878 0.194691 0.524136
7.63557 9.12866 -20.4495 0.177782 0.524136
7.88371 9.20488 -20.0203 0.127394 0.524136
8.13283 9.26864 -19.5893 0.127394 0.524136
8.38119 9.32545 -19.1569 0.0935385 0.507062
8.61248 9.35549 -18.7113 0.0431975 0.473253
8.83664 9.36593 -18.2612 0.00936877 0.456382
9.05552 9.37058 -17.8154 0.00936877 0.456382
9.27559 9.37529 -17.3639 0.00936877 0.439606
9.49249 9.37444 -16.9027 -0.00715017 0.439606
9.70314 9.3709 -16.4548 -0.00715017 0.439606
9.91327 9.36312 -15.9982 -0.0405419 0.406215
10.0872 9.32598 -15.53 -0.0742258 0.355644
10.2621 9.28862 -15.0591 -0.0742258 0.355644
10.437 9.25127 -14.5882 -0.0742258 0.355644
10.6202 9.21214 -14.095 -0.0742258 0.355644
10.8086 9.17191 -13.5879 -0.0742258 0.355644
10.985 9.13423 -13.1129 -0.0742258 0.355644
11.1544 9.09805 -12.6567 -0.0742258 0.355644
11.3294 9.06899 -12.1856 -0.0244104 0.355644
11.5025 9.07098 -11.7196 0.0267868 0.355644
11.6765 9.08993 -11.2512 0.0764314 0.355644
11.851 9.13535 -10.7812 0.0931072 0.355644
12.0084 9.20014 -10.3094 0.143568 0.321978
12.1515 9.28951 -9.8377 0.193466 0.288767
12.282 9.39959 -9.36546 0.243084 0.255799
12.404 9.53482 -8.89899 0.292558 0.255799
12.5255 9.687 -8.43421 0.309689 0.255799
12.6448 9.86604 -7.97825 0.37674 0.255799
12.7777 10.098 -7.54475 0.563498 0.306251
12.9095 10.4165 -7.12772 0.670388 0.306251
13.0336 10.7655 -6.73537 0.743223 0.306251
13.1442 11.1263 -6.38557 0.794062 0.306251
13.2497 11.4823 -6.05197 0.794062 0.306251
13.3574 11.8588 -5.69797 0.794062 0.290363
13.4673 12.2543 -5.33011 0.813 0.290363
13.5597 12.6365 -4.98915 0.830551 0.255695
13.6503 13.0289 -4.64232 0.830551 0.255695
13.7452 13.4394 -4.27947 0.830551 0.255695
13.8346 13.8266 -3.93732 0.830551 0.255695
13.9411 14.2872 -3.53019 0.830551 0.255695
14.0301 14.6725 -3.1896 0.830551 0.255695
14.1219 15.0698 -2.83851 0.830551 0.255695
14.2086 15.445 -2.50689 0.830551 0.255695
14.2937 15.8133 -2.18133 0.830551 0.255695
14.3792 16.1833 -1.8543 0.830551 0.255695
14.4645 16.5525 -1.52798 0.830551 0.255695
14.5501 16.9231 -1.20049 0.830551 0.255695
14.6353 17.2921 -0.87437 0.830551 0.255695
14.7296 17.7 -0.513827 0.830551 0.255695
14.8248 18.112 -0.149695 0.830551 0.255695
14.9113 18.4865 0.181295 0.830551 0.255695
15.0021 18.8797 0.528848 0.830551 0.255695
15.098 19.2609 0.895548 0.75778 0.255695
15.1928 19.6058 1.25816 0.741084 0.255695
15.2872 19.9474 1.61934 0.741084 0.255695
15.3837 20.2965 1.98845 0.741084 0.255695
15.481 20.6466 2.3701 0.688611 0.220464
15.5576 20.9756 2.79155 0.633264 0.146724
15.6171 21.274 3.19373 0.633264 0.146724
15.6763 21.5716 3.59465 0.633264 0.146724
15.7349 21.8657 3.99097 0.633264 0.146724
15.7949 22.1668 4.39679 0.633264 0.146724
15.8456 22.4544 4.82511 0.549875 0.0960075
15.8806 22.7298 5.32084 0.455603 0.0393653
15.8856 22.9221 5.78674 0.368321 0.00484589
15.8878 23.0977 6.25727 0.351775 0.00484589
15.8901 23.2709 6.72905 0.351775 0.00484589
15.8924 23.4457 7.20552 0.351775 0.00484589
15.8947 23.6186 7.67657 0.351775 0.00484589
15.897 23.7895 8.14212 0.351775 0.00484589
15.8993 23.9634 8.61581 0.351775 0.00484589
15.9016 24.137 9.08884 0.351775 0.00484589
15.9039 24.313 9.56843 0.351775 0.00484589
15.9062 24.4843 10.035 0.351775 0.00484589
15.9084 24.6569 10.5054 0.351775 0.00484589
15.9107 24.8321 10.9825 0.351775 0.00484589
15.913 25.0042 11.4556 0.33478 0.00484589
15.888 25.1383 11.9389 0.216549 -0.0968028
15.8258 25.2089 12.4339 0.115456 -0.130729
15.7599 25.2675 12.9344 0.115456 -0.130729
15.6948 25.3254 13.4299 0.115456 -0.130729
15.6298 25.3833 13.9243 0.115456 -0.130729
15.5649 25.441 14.4181 0.115456 -0.130729
15.4992 25.4994 14.9174 0.115456 -0.130729
15.4302 25.5608 15.4423 0.115456 -0.130729
15.3595 25.6139 15.9801 0.079231 -0.130729
15.2626 25.6076 16.5049 -0.0825726 -0.221248
15.1472 25.5579 17.0179 -0.0999031 -0.221248
15.0373 25.5077 17.5066 -0.0999031 -0.221248
14.927 25.4573 17.9969 -0.0999031 -0.221248
14.8177 25.4073 18.4829 -0.0999031 -0.221248
14.7073 25.3569 18.9738 -0.0999031 -0.221248
14.5979 25.3069 19.4603 -0.0999031 -0.221248
14.4869 25.2563 19.9535 -0.0999031 -0.221248
14.3763 25.2057 20.4455 -0.0999031 -0.221248
14.2525 25.138 20.9425 -0.200678 -0.305165
14.0614 24.9901 21.4601 -0.278533 -0.363859
13.8886 24.8418 21.9141 -0.296306 -0.363859
13.719 24.6963 22.3593 -0.296306 -0.363859
13.5482 24.5498 22.8079 -0.296306 -0.363859
13.3788 24.4045 23.2526 -0.296306 -0.363859
13.2068 24.2569 23.7042 -0.296306 -0.363859
13.0358 24.1102 24.1534 -0.296306 -0.363859
12.8645 23.9632 24.6033 -0.296306 -0.363859
12.6919 23.8152 25.0563 -0.296306 -0.363859
12.5178 23.6659 25.5136 -0.296306 -0.363859
12.332 23.4989 26.0015 -0.333927 -0.363859
12.1543 23.3106 26.4681 -0.369913 -0.363859
11.9889 23.1229 26.9026 -0.386424 -0.363859
11.8219 22.9319 27.3411 -0.386424 -0.363859
11.6566 22.743 27.7751 -0.386424 -0.363859
11.4913 22.554 28.2091 -0.386424 -0.363859
11.3248 22.3636 28.6464 -0.386424 -0.363859
11.1581 22.1731 29.0841 -0.386424 -0.363859
10.985 21.966 29.5073 -0.469986 -0.430624
10.7897 21.7117 29.888 -0.569029 -0.496495
10.588 21.441 30.2601 -0.569029 -0.496495
10.3831 21.1658 30.6384 -0.569029 -0.496495
10.1662 20.8745 31.0388 -0.569029 -0.496495
9.95095 20.5856 31.4361 -0.569029 -0.496495
9.75014 20.3159 31.8068 -0.569029 -0.496495
9.54727 20.0435 32.1812 -0.569029 -0.496495
9.34858 19.7767 32.548 -0.569029 -0.496495
9.13158 19.4748 32.8892 -0.706529 -0.633995
8.9053 19.1487 33.1969 -0.706529 -0.633995
8.67594 18.8183 33.5089 -0.706529 -0.633995
8.44339 18.4832 33.8252 -0.706529 -0.633995
8.19832 18.1301 34.1585 -0.706529 -0.633995
7.96235 17.7901 34.4794 -0.706529 -0.633995
7.72996 17.4579 34.7917 -0.706529 -0.651126
7.49444 17.1368 35.085 -0.706529 -0.684747
7.24786 16.8108 35.3767 -0.706529 -0.701772
6.9988 16.4847 35.6664 -0.706529 -0.718419
6.74536 16.1591 35.9515 -0.706529 -0.735118
6.48872 15.8325 36.2353 -0.706529 -0.735118
6.22846 15.5062 36.5153 -0.706529 -0.751598
5.96105 15.1768 36.7966 -0.689664 -0.785413
5.67993 14.8526 37.0777 -0.673223 -0.785413
5.33421 14.5344 37.3803 -0.520377 -0.919156
4.98578 14.2865 37.646 -0.50285 -0.919156
4.62392 14.0362 37.9221 -0.50285 -0.919156
4.25763 13.7828 38.2015 -0.50285 -0.919156
3.88105 13.5223 38.4887 -0.50285 -0.919156
3.53 13.2795 38.7565 -0.50285 -0.919156
3.1788 13.0365 39.0244 -0.50285 -0.919156
2.82544 12.7921 39.2939 -0.50285 -0.919156
2.47303 12.5483 39.5628 -0.50285 -0.919156
2.11659 12.3094 39.8208 -0.486282 -0.969245
1.74377 12.0762 40.0677 -0.469872 -0.985831
1.34074 11.8313 40.3326 -0.469872 -1.00527
0.937895 11.589 40.5883 -0.469872 -1.00527
0.553773 11.3596 40.832 -0.453008 -1.00527
0.16433 11.1564 41.0626 -0.419142 -1.03913
-0.230968 10.9601 41.2921 -0.402782 -1.056
-0.64307 10.7731 41.5208 -0.352388 -1.0725
-1.06292 10.5981 41.7447 -0.352388 -1.08911
-1.4901 10.428 41.9619 -0.318724 -1.12278
-1.9199 10.2706 42.1684 -0.318724 -1.12278
-2.37582 10.111 42.3876 -0.299551 -1.12278
-2.82837 9.95596 42.6051 -0.299551 -1.12278
-3.26777 9.80617 42.8103 -0.299551 -1.15632
-3.71701 9.65478 43.0064 -0.299551 -1.17364
-4.18596 9.49986 43.1839 -0.299551 -1.24275
-4.67634 9.35638 43.3361 -0.263135 -1.27916
-5.15052 9.22334 43.4741 -0.263135 -1.29602
-5.61992 9.09502 43.6037 -0.24655 -1.3126
-6.09806 8.99881 43.6955 -0.178344 -1.41443
-6.58933 8.91796 43.7645 -0.161553 -1.43122
-7.08106 8.83703 43.8336 -0.161553 -1.43122
-7.58373 8.76196 43.8897 -0.144575 -1.46518
-8.09503 8.69572 43.9296 -0.0940416 -1.54977
-8.64722 8.65777 43.931 -0.0565672 -1.58662
-9.17321 8.62799 43.9227 -0.0565672 -1.58662
-9.71738 8.60338 43.9141 -0.0397867 -1.58662
-10.2562 8.58193 43.9055 -0.0397867 -1.58662
-10.7676 8.56722 43.8845 -0.00620158 -1.63735
-11.2658 8.58695 43.8259 0.0625219 -1.70524
-11.7578 8.61954 43.7496 0.0797426 -1.75567
-12.2497 8.65961 43.652 0.0797426 -1.77242
-12.7437 8.69998 43.5467 0.0797426 -1.78888
-13.2278 8.75386 43.4252 0.113112 -1.82225
-13.7044 8.82331 43.2785 0.14698 -1.88932
-14.1741 8.90857 43.1119 0.196895 -1.93924
-14.6335 9.00731 42.9273 0.196895 -1.95574
-15.0922 9.11189 42.7414 0.213961 -1.95574
-15.5871 9.22808 42.539 0.213961 -1.97526
-16.0484 9.38172 42.294 0.307747 -2.10508
-16.4884 9.54421 42.0337 0.307747 -2.10508
-16.9308 9.70762 41.7719 0.307747 -2.10508
-17.3468 9.86127 41.5258 0.307747 -2.10508
-17.7641 10.0154 41.2789 0.307747 -2.10508
-18.1755 10.1673 41.0354 0.307747 -2.10508
-18.587 10.3193 40.792 0.307747 -2.10508
-18.9998 10.4717 40.5478 0.307747 -2.10508
-19.4095 10.623 40.3053 0.307747 -2.10508
-19.8129 10.772 40.0666 0.307747 -2.10508
-20.2163 10.9342 39.8109 0.341242 -2.15557
-20.6114 11.1025 39.5493 0.341242 -2.15557
-21.0117 11.273 39.2843 0.341242 -2.15557
-21.4061 11.441 39.0232 0.341242 -2.15557
-21.7978 11.6093 38.7639 0.358308 -2.15557
-22.1659 11.8134 38.4877 0.425867 -2.22312
-22.5312 12.0219 38.2086 0.425867 -2.22312
-22.8958 12.23 37.9301 0.425867 -2.22312
-23.2574 12.4365 37.6539 0.425867 -2.22312
-23.621 12.644 37.3761 0.425867 -2.22312
-23.9806 12.8701 37.1047 0.476346 -2.20621
-24.3397 13.129 36.8626 0.561595 -2.15532
-24.6896 13.3962 36.6311 0.578409 -2.15532
-25.0423 13.6723 36.3978 0.578409 -2.15532
-25.3968 13.9484 36.1674 0.578409 -2.13855
-25.7577 14.2278 35.9373 0.578409 -2.13855
-26.1239 14.5114 35.7037 0.578409 -2.13855
-26.5142 14.8125 35.4582 0.578409 -2.11982
-26.8941 15.0969 35.2451 0.578409 -2.05048
-27.291 15.3694 35.0786 0.561232 -1.9146
-27.6903 15.6328 34.9518 0.561232 -1.86458
-28.1069 15.9051 34.8331 0.561232 -1.83115
-28.5184 16.1728 34.7235 0.561232 -1.83115
-28.9486 16.4507 34.6103 0.54279 -1.81271
-29.3946 16.7276 34.5017 0.54279 -1.79454
-29.8331 16.9986 34.4045 0.54279 -1.77731
-30.2583 17.26 34.3204 0.54279 -1.76039
-30.6854 17.5135 34.2446 0.525957 -1.74356
-31.1128 17.7653 34.1701 0.525957 -1.74356
-31.5432 18.0189 34.095 0.525957 -1.74356
-31.9685 18.2695 34.0208 0.525957 -1.74356
-32.3946 18.5207 33.9464 0.525957 -1.74356
-32.8253 18.7744 33.8712 0.525957 -1.74356
-33.2535 19.0268 33.7965 0.525957 -1.74356
-33.6893 19.2684 33.728 0.475926 -1.7105
-34.1428 19.4856 33.6789 0.423633 -1.65821
-34.6251 19.6946 33.6366 0.407518 -1.65821
-35.1259 19.9004 33.602 0.370637 -1.62133
-35.5999 20.0818 33.5781 0.35368 -1.62133
-36.0828 20.2495 33.5536 0.319907 -1.62133
-36.5609 20.4081 33.5295 0.319907 -1.62133
-37.0401 20.5585 33.5052 0.303753 -1.62133
-37.5185 20.7087 33.481 0.303753 -1.62133
-37.995 20.8538 33.4569 0.287148 -1.62133
-38.4797 20.9796 33.4324 0.253485 -1.62133
-38.97 21.0966 33.4076 0.219936 -1.62133
-39.469 21.2083 33.3824 0.219936 -1.62133
-39.9591 21.3091 33.3576 0.20262 -1.62133
-40.4548 21.4111 33.3325 0.20262 -1.62133
-40.9573 21.4878 33.2808 0.133553 -1.6904
-41.4966 21.5513 33.216 0.116356 -1.6904
-42.0336 21.6035 33.1499 0.0452742 -1.70814
-42.533 21.6126 33.0809 0.0127956 -1.70814
-43.0564 21.6194 33.0086 0.0127956 -1.70814
-43.6105 21.6193 32.932 -0.00637373 -1.70814
-44.1077 21.6161 32.8633 -0.00637373 -1.70814
-44.6058 21.6129 32.7944 -0.00637373 -1.70814
-45.1035 21.5956 32.7157 -0.0731323 -1.77527
-45.5844 21.5356 32.5746 -0.124925 -1.86186
-46.0622 21.473 32.4315 -0.124925 -1.86186
-46.5393 21.4033 32.2857 -0.158249 -1.87842
-47.0093 21.3246 32.1364 -0.158249 -1.87842
-47.4945 21.2434 31.9822 -0.158249 -1.87842
-47.9627 21.165 31.8335 -0.158249 -1.87842
-48.4347 21.086 31.6835 -0.158249 -1.87842
-48.9049 20.9884 31.5312 -0.226076 -1.89549
-49.3666 20.8634 31.3758 -0.259335 -1.89549
-49.8265 20.7343 31.2167 -0.259335 -1.9122
-50.2801 20.5965 31.0555 -0.292722 -1.9122
-50.7332 20.4442 30.8945 -0.309595 -1.9122
-51.1892 20.2849 30.7325 -0.326265 -1.9122
-51.6375 20.1239 30.5732 -0.326265 -1.9122
-52.0824 19.9597 30.4151 -0.342949 -1.9122
-52.524 19.7924 30.2582 -0.342949 -1.9122
-52.9705 19.6156 30.0996 -0.360009 -1.9122
-53.4137 19.4386 29.9421 -0.360009 -1.9122
-53.8605 19.2601 29.7833 -0.360009 -1.9122
-54.3027 19.0835 29.6262 -0.360009 -1.9122
-54.7448 18.9069 29.4692 -0.360009 -1.9122
-55.1874 18.7301 29.3119 -0.360009 -1.9122
-55.6351 18.5512 29.1528 -0.360009 -1.9122
-56.0772 18.3746 28.9957 -0.360009 -1.9122
-56.5188 18.1982 28.8388 -0.360009 -1.9122
-56.9647 18.0201 28.6804 -0.360009 -1.9122
-57.4088 17.8427 28.5226 -0.360009 -1.9122
-57.8253 17.6296 28.3356 -0.49463 -2.06359
-58.2144 17.3914 28.1267 -0.49463 -2.06359
-58.6047 17.1525 27.917 -0.49463 -2.06359
-58.9969 16.9124 27.7065 -0.49463 -2.06359
-59.3977 16.667 27.4912 -0.49463 -2.06359
-59.7782 16.434 27.2869 -0.49463 -2.06359
-60.1685 16.1951 27.0773 -0.49463 -2.06359
-60.5621 15.9542 26.866 -0.49463 -2.06359
-60.9547 15.7134 26.6537 -0.49463 -2.08047
-61.3285 15.4776 26.4269 -0.49463 -2.13015
-61.6966 15.2429 26.195 -0.49463 -2.14644
-62.0502 14.9982 25.9348 -0.511259 -2.23041
-62.4044 14.7467 25.6601 -0.511259 -2.23041
-62.7414 14.5069 25.3973 -0.511259 -2.24717
-63.0797 14.2624 25.1226 -0.511259 -2.2639
-63.4064 14.0158 24.8287 -0.511259 -2.3486
-63.7118 13.7685 24.5108 -0.511259 -2.39853
-64.0054 13.5212 24.1821 -0.511259 -2.43198
-64.2892 13.2768 23.8516 -0.511259 -2.43198
-64.5748 13.0309 23.5191 -0.511259 -2.43198
-64.8555 12.7844 23.1811 -0.511259 -2.46528
-65.1228 12.5378 22.8322 -0.511259 -2.49926
-65.3846 12.2933 22.4802 -0.494284 -2.51623
-65.6401 12.0621 22.1132 -0.47722 -2.5333
-65.8902 11.8303 21.7411 -0.47722 -2.55001
-66.1441 11.6045 21.3631 -0.460409 -2.55001
-66.3998 11.3771 20.9825 -0.460409 -2.55001
-66.6499 11.1547 20.6103 -0.460409 -2.55001
-66.8997 10.9325 20.2384 -0.460409 -2.55001
-67.147 10.7036 19.8489 -0.460409 -2.58425
-67.4098 10.4572 19.4273 -0.460409 -2.58425
-67.6563 10.2261 19.0317 -0.460409 -2.58425
-67.9097 9.98849 18.6252 -0.460409 -2.58425
-68.1614 9.75254 18.2214 -0.460409 -2.58425
-68.4005 9.52836 17.8378 -0.460409 -2.58425
-68.6404 9.30342 17.4529 -0.460409 -2.58425
-68.8715 9.08057 17.0677 -0.460409 -2.61766
-69.0928 8.85563 16.6718 -0.460409 -2.63481
-69.3218 8.62165 16.2593 -0.460409 -2.63481
-69.5543 8.38411 15.8406 -0.460409 -2.63481
-69.7855 8.14785 15.4241 -0.460409 -2.63481
-70.0021 7.92648 15.0338 -0.460409 -2.63481
-70.247 7.67622 14.5927 -0.460409 -2.63481
-70.4779 7.44034 14.1768 -0.460409 -2.63481
-70.6967 7.21673 13.7826 -0.460409 -2.63481
-70.9014 7.01563 13.3713 -0.392958 -2.68584
-71.1037 6.82283 12.9525 -0.392958 -2.70264
-71.3029 6.62857 12.5283 -0.392958 -2.70264
-71.4983 6.43681 12.109 -0.392958 -2.71936
-71.6852 6.24542 11.6868 -0.392958 -2.73611
-71.8698 6.06036 11.2566 -0.376496 -2.73611
-72.0479 5.87588 10.8253 -0.376496 -2.75274
-72.2206 5.69327 10.397 -0.376496 -2.76971
-72.3856 5.50837 9.95938 -0.376496 -2.78657
-72.5447 5.3248 9.52315 -0.376496 -2.80312
-72.701 5.13865 9.07902 -0.376496 -2.80312
-72.8427 4.9551 8.63691 -0.376496 -2.83708
-72.969 4.7721 8.19164 -0.376496 -2.88736
-73.087 4.58492 7.72059 -0.359971 -2.90388
-73.1888 4.41068 7.26895 -0.359971 -2.91993
-73.2923 4.23354 6.80982 -0.359971 -2.91993
-73.3683 4.06898 6.33889 -0.309657 -3.02053
-73.4223 3.92271 5.86179 -0.29291 -3.03729
-73.4729 3.77618 5.37859 -0.29291 -3.03729
-73.5213 3.62771 4.8887 -0.29291 -3.05447
-73.5668 3.47011 4.36811 -0.29291 -3.05447
-73.5784 3.34068 3.84406 -0.235548 -3.14675
-73.5669 3.22552 3.33194 -0.218274 -3.18063
-73.544 3.10472 2.78779 -0.218274 -3.19931
-73.5088 2.99325 2.27965 -0.200904 -3.21653
-73.4652 2.88981 1.7736 -0.200904 -3.23299
-73.3909 2.79389 1.24408 -0.165702 -3.30498
-73.2978 2.70614 0.727674 -0.165702 -3.32306
-73.1942 2.62865 0.241138 -0.148971 -3.35693
-73.0891 2.55485 -0.239199 -0.148971 -3.35693
-72.9803 2.47838 -0.736972 -0.148971 -3.35693
-72.8751 2.40448 -1.21796 -0.148971 -3.35693
-72.7673 2.32972 -1.7043 -0.148971 -3.37334
-72.6368 2.25603 -2.17763 -0.148971 -3.42438
-72.498 2.18137 -2.65532 -0.148971 -3.42438
-72.345 2.10219 -3.16022 -0.148971 -3.44139
-72.1801 2.02402 -3.65422 -0.148971 -3.47929
-72.0057 1.94563 -4.14657 -0.148971 -3.49645
-71.8249 1.86989 -4.61767 -0.148971 -3.51395
-71.6354 1.79391 -5.08714 -0.148971 -3.53062
-71.4247 1.71055 -5.60104 -0.148971 -3.53062
-71.2238 1.63383 -6.07108 -0.148971 -3.54882
-71.0269 1.55923 -6.52748 -0.148971 -3.54882
-70.8316 1.48521 -6.98033 -0.148971 -3.54882
-70.6353 1.41085 -7.43533 -0.148971 -3.54882
-70.4386 1.33631 -7.89137 -0.148971 -3.54882
-70.2427 1.26208 -8.34549 -0.148971 -3.54882
-70.0424 1.18618 -8.80984 -0.148971 -3.54882
-69.8569 1.12855 -9.27187 -0.0648538 -3.4816
-69.6983 1.11567 -9.74996 0.00234509 -3.448
-69.5457 1.11685 -10.2323 0.00234509 -3.448
-69.3922 1.11805 -10.7174 0.00234509 -3.448
-69.2417 1.11922 -11.1931 0.00234509 -3.448
-69.0907 1.12039 -11.6705 0.00234509 -3.448
-68.9604 1.1315 -12.1571 0.0528988 -3.34764
-68.8721 1.16636 -12.6476 0.0698346 -3.31405
-68.7953 1.20162 -13.1458 0.0698346 -3.26392
-68.7404 1.24158 -13.652 0.0869717 -3.24667
-68.6938 1.28494 -14.1471 0.0869717 -3.22993
-68.6623 1.33463 -14.6493 0.121026 -3.16182
-68.6577 1.39533 -15.1484 0.121026 -3.12829
-68.6738 1.45831 -15.6429 0.137781 -3.09509
-68.6999 1.52767 -16.1423 0.137781 -3.07819
-68.7314 1.59671 -16.6392 0.137781 -3.07819
-68.7629 1.66557 -17.1349 0.137781 -3.07819
-68.7946 1.73493 -17.6341 0.137781 -3.07819
-68.826 1.80376 -18.1295 0.137781 -3.07819
-68.8703 1.87341 -18.6298 0.137781 -3.04476
-68.9264 1.94304 -19.1288 0.137781 -3.02687
-68.9831 2.01177 -19.6212 0.137781 -3.02687
-69.0401 2.08079 -20.1157 0.137781 -3.02687
-69.097 2.14968 -20.6093 0.137781 -3.02687
-69.1579 2.2184 -21.1011 0.137781 -2.99292
-69.2522 2.28741 -21.5897 0.137781 -2.92565
-69.3685 2.36313 -22.0799 0.154751 -2.9086
-69.5121 2.4436 -22.5753 0.154751 -2.84058
-69.6777 2.52802 -23.0904 0.154751 -2.8213
-69.8455 2.60906 -23.5821 0.154751 -2.80358
-70.01 2.68645 -24.0501 0.154751 -2.80358
-70.1746 2.76389 -24.5184 0.154751 -2.80358
-70.3387 2.84105 -24.9851 0.154751 -2.80358
-70.5053 2.91946 -25.4592 0.154751 -2.80358
-70.6596 3.00249 -25.9309 0.188026 -2.87007
-70.7811 3.09899 -26.4078 0.204665 -2.91982
-70.8899 3.20166 -26.8903 0.204665 -2.91982
-70.9976 3.30327 -27.3678 0.204665 -2.91982
-71.1017 3.40817 -27.8624 0.204665 -2.93686
-71.1976 3.51224 -28.3544 0.204665 -2.97217
-71.2812 3.62103 -28.8718 0.204665 -2.99023
-71.3316 3.72767 -29.3829 0.204665 -3.06153
-71.3599 3.82957 -29.8729 0.204665 -3.09512
-71.3744 3.93181 -30.3652 0.204665 -3.12904
-71.3709 4.03384 -30.8567 0.204665 -3.1795
-71.3371 4.13589 -31.3471 0.204665 -3.2302
-71.2895 4.23782 -31.8358 0.204665 -3.24704
-71.2219 4.34831 -32.3638 0.204665 -3.2799
-71.1462 4.46228 -32.9076 0.204665 -3.2799
-71.0703 4.56448 -33.394 0.204665 -3.3133
-70.9569 4.66618 -33.8776 0.188132 -3.39682
-70.819 4.7602 -34.3517 0.188132 -3.44697
-70.6667 4.8527 -34.8209 0.171373 -3.48023
-70.4826 4.93043 -35.2846 0.15456 -3.54742
-70.2714 5.01005 -35.7499 0.15456 -3.58189
-70.018 5.09415 -36.2262 0.15456 -3.65269
-69.7387 5.17535 -36.6661 0.15456 -3.72538
-69.4525 5.25453 -37.086 0.15456 -3.76024
-69.1504 5.33437 -37.5 0.15456 -3.77796
-68.8391 5.41491 -37.9126 0.15456 -3.81516
-68.4916 5.49784 -38.3155 0.15456 -3.88783
-68.1114 5.58227 -38.7016 0.15456 -3.92198
-67.7501 5.66227 -39.0665 0.15456 -3.92198
-67.3755 5.74522 -39.4448 0.15456 -3.92198
-66.9753 5.83894 -39.797 0.192572 -4.02867
-66.5944 5.93472 -40.1073 0.192572 -4.02867
-66.2126 6.03076 -40.4185 0.192572 -4.02867
-65.8302 6.12695 -40.7301 0.192572 -4.02867
-65.4312 6.22303 -41.019 0.192572 -4.11385
-65.0201 6.31918 -41.2912 0.192572 -4.13032
-64.6065 6.41572 -41.5634 0.192572 -4.13032
-64.1846 6.509 -41.8179 0.159052 -4.23123
-63.7371 6.58864 -42.0329 0.159052 -4.26458
-63.2867 6.6688 -42.2493 0.159052 -4.26458
-62.8362 6.74897 -42.4657 0.159052 -4.26458
-62.3874 6.82883 -42.6813 0.159052 -4.26458
-61.9382 6.90876 -42.897 0.159052 -4.26458
-61.4889 6.98871 -43.1128 0.159052 -4.26458
-61.0421 7.06822 -43.3274 0.159052 -4.26458
-60.5884 7.14896 -43.5454 0.159052 -4.26458
-60.1271 7.23105 -43.767 0.159052 -4.26458
-59.6537 7.3153 -43.9944 0.159052 -4.26458
-59.1676 7.4018 -44.2279 0.159052 -4.26458
-58.722 7.48109 -44.4419 0.159052 -4.26458
-58.2564 7.56395 -44.6656 0.159052 -4.26458
-57.7586 7.65253 -44.9047 0.159052 -4.26458
-57.304 7.73344 -45.1231 0.159052 -4.26458
-56.8549 7.81334 -45.3388 0.159052 -4.26458
-56.4047 7.89348 -45.5551 0.159052 -4.26458
-55.9149 7.97989 -45.7789 0.159052 -4.34048
-55.4464 8.06056 -45.9617 0.159052 -4.34048
-54.9875 8.13956 -46.1406 0.159052 -4.34048
-54.5225 8.21963 -46.322 0.159052 -4.34048
-54.0512 8.29088 -46.4819 0.125124 -4.42498
-53.5697 8.35403 -46.6242 0.125124 -4.42498
-53.0891 8.41706 -46.7662 0.125124 -4.42498
-52.6063 8.48039 -46.909 0.125124 -4.42498
-52.1196 8.54423 -47.0528 0.125124 -4.42498
-51.6398 8.60716 -47.1947 0.125124 -4.42498
-51.1541 8.67032 -47.3222 0.125124 -4.45836
-50.6677 8.73353 -47.4485 0.125124 -4.45836
-50.1331 8.80301 -47.5873 0.125124 -4.45836
-49.6437 8.8666 -47.7144 0.125124 -4.45836
-49.1611 8.92932 -47.8397 0.125124 -4.45836
-48.6773 8.99219 -47.9653 0.125124 -4.45836
-48.1802 9.04313 -48.0721 0.091579 -4.50909
-47.6422 9.09357 -48.183 0.091579 -4.50909
-47.1441 9.14027 -48.2857 0.091579 -4.50909
-46.6561 9.18603 -48.3863 0.091579 -4.50909
-46.1643 9.21774 -48.4662 0.0235106 -4.61073
-45.6614 9.22963 -48.5175 0.0235106 -4.61073
-45.1607 9.24146 -48.5686 0.0235106 -4.61073
-44.6616 9.25326 -48.6195 0.0235106 -4.61073
-44.1605 9.26511 -48.6706 0.0235106 -4.61073
-43.6532 9.2771 -48.7224 0.0235106 -4.61073
-43.15 9.28899 -48.7737 0.0235106 -4.61073
-42.6523 9.30075 -48.8245 0.0235106 -4.61073
-42.1546 9.31252 -48.8752 0.0235106 -4.61073
-41.6498 9.32445 -48.9267 0.0235106 -4.61073
-41.1458 9.32651 -48.9711 -0.0435935 -4.66102
-40.6481 9.26239 -48.956 -0.144982 -4.76252
-40.1478 9.18924 -48.9309 -0.144982 -4.76252
-39.6524 9.11682 -48.906 -0.144982 -4.76252
-39.1581 9.04456 -48.8812 -0.144982 -4.76252
-38.6576 8.9714 -48.8561 -0.144982 -4.76252
-38.1643 8.89928 -48.8314 -0.144982 -4.76252
-37.6585 8.82534 -48.806 -0.144982 -4.76252
-37.1544 8.75164 -48.7807 -0.144982 -4.76252
-36.6047 8.67127 -48.7531 -0.144982 -4.76252
-36.0864 8.59551 -48.7271 -0.144982 -4.76252
-35.5526 8.51747 -48.7003 -0.144982 -4.76252
-35.0254 8.4404 -48.6739 -0.144982 -4.76252
-34.5273 8.36759 -48.6489 -0.144982 -4.76252
-34.0132 8.29242 -48.6231 -0.144982 -4.76252
-33.4787 8.21429 -48.5963 -0.144982 -4.76252
-32.9667 8.13943 -48.5706 -0.144982 -4.76252
-32.4683 8.06658 -48.5456 -0.144982 -4.76252
-31.9684 7.99349 -48.5205 -0.144982 -4.76252
-31.4745 7.9213 -48.4958 -0.144982 -4.76252
-30.9849 7.84972 -48.4712 -0.144982 -4.76252
-30.4895 7.77729 -48.4464 -0.144982 -4.76252
-30.0025 7.7061 -48.4219 -0.144982 -4.76252
-29.5056 7.63345 -48.397 -0.144982 -4.76252
-29.0088 7.56369 -48.3721 -0.111371 -4.76252
-28.5145 7.50834 -48.3473 -0.111371 -4.76252
-28.0213 7.45312 -48.3225 -0.111371 -4.76252
-27.5217 7.40839 -48.2791 -0.0775895 -4.81343
-27.0223 7.3848 -48.2114 -0.0101995 -4.89763
-26.5308 7.38813 -48.115 0.00665618 -4.91423
-26.0383 7.39148 -48.0143 0.00665618 -4.91423
-25.5471 7.39482 -47.9138 0.00665618 -4.91423
-25.0574 7.39816 -47.8035 0.00665618 -4.9477
-24.5707 7.40152 -47.6721 0.00665618 -5.01564
-24.1074 7.39085 -47.4751 -0.0435206 -5.16729
-23.6605 7.36901 -47.2472 -0.0435206 -5.18392
-23.2151 7.34723 -47.0201 -0.0435206 -5.18392
-22.7705 7.3255 -46.7934 -0.0435206 -5.18392
-22.3191 7.30343 -46.5633 -0.0435206 -5.18392
-21.8749 7.28172 -46.3368 -0.0435206 -5.18392
-21.4271 7.25984 -46.1085 -0.0435206 -5.18392
-20.9809 7.23802 -45.8809 -0.0435206 -5.18392
-20.5235 7.20895 -45.6702 -0.060431 -5.1329
-20.0658 7.17185 -45.4731 -0.0770994 -5.11624
-19.5979 7.12995 -45.2824 -0.0937025 -5.08279
-19.1314 7.08293 -45.1012 -0.0937025 -5.08279
-18.6639 7.0358 -44.9197 -0.0937025 -5.08279
-18.1977 6.98879 -44.7387 -0.0937025 -5.08279
-17.7347 6.94212 -44.5589 -0.0937025 -5.08279
-17.2665 6.89492 -44.3771 -0.0937025 -5.08279
-16.7988 6.84776 -44.1954 -0.0937025 -5.08279
-16.3371 6.80122 -44.0161 -0.0937025 -5.08279
-15.862 6.75333 -43.8317 -0.0937025 -5.08279
-15.3888 6.70562 -43.6479 -0.0937025 -5.08279
-14.9223 6.65859 -43.4667 -0.0937025 -5.08279
-14.4514 6.61111 -43.2839 -0.0937025 -5.08279
-13.9843 6.56402 -43.1025 -0.0937025 -5.08279
-13.5079 6.49269 -42.8844 -0.180973 -5.22284
-13.0669 6.35622 -42.5786 -0.255043 -5.33443
-12.6686 6.22712 -42.2844 -0.255043 -5.35154
-12.2793 6.10064 -41.995 -0.255043 -5.35154
-11.8931 5.97518 -41.708 -0.255043 -5.35154
-11.5046 5.84897 -41.4192 -0.255043 -5.35154
-11.1123 5.72156 -41.1277 -0.255043 -5.35154
-10.7076 5.61019 -40.8557 -0.221768 -5.30147
-10.294 5.52345 -40.5875 -0.120544 -5.28483
-9.8804 5.46689 -40.321 -0.102185 -5.28483
-9.45628 5.42523 -40.0476 -0.0521732 -5.28483
-9.02928 5.40607 -39.7725 -0.0176596 -5.28483
