5.18826 4.669 -26.7825
5.61041 4.67859 -26.4485
6.05191 4.70085 -26.0839
6.47991 4.72242 -25.7305
6.91233 4.74422 -25.3734
7.34638 4.76609 -25.0149
7.76249 4.78707 -24.6712
8.19729 4.80898 -24.3122
8.6281 4.83069 -23.9564
9.04202 4.85397 -23.5852
9.42369 4.88629 -23.166
9.78383 4.91691 -22.7678
10.1634 4.94918 -22.3481
10.5429 4.98144 -21.9284
10.9078 5.01247 -21.5249
11.2782 5.04396 -21.1153
11.6514 5.07568 -20.7027
12.0101 5.10628 -20.3037
12.366 5.13892 -19.8554
12.659 5.17906 -19.407
12.9463 5.22128 -18.9223
13.21 5.27434 -18.4605
13.4495 5.35473 -17.9778
13.6926 5.44619 -17.4878
13.9287 5.535 -17.0122
14.1732 5.62702 -16.5193
14.4137 5.71747 -16.0348
14.6591 5.80981 -15.5402
14.9075 5.90326 -15.0396
15.1454 5.99278 -14.5601
15.3933 6.08605 -14.0605
15.6469 6.1883 -13.5495
15.8854 6.29986 -13.0686
16.1329 6.46913 -12.57
16.376 6.66308 -12.08
16.608 6.88126 -11.5941
16.8254 7.12246 -11.1355
17.0271 7.39362 -10.6712
17.2034 7.68166 -10.2218
17.3765 7.97822 -9.76745
17.5435 8.26431 -9.32918
17.7196 8.56596 -8.86705
17.8982 8.87197 -8.39824
18.0708 9.16768 -7.94522
18.2316 9.44526 -7.52321
18.3984 9.77146 -7.08175
18.5483 10.1439 -6.66562
18.6847 10.5151 -6.26351
18.8188 10.8916 -5.86843
18.9521 11.2688 -5.47525
19.0816 11.6347 -5.09371
19.2136 12.0082 -4.70439
19.3462 12.3831 -4.3135
19.4751 12.7476 -3.93349
19.6106 13.1306 -3.5342
19.7476 13.5179 -3.13045
19.877 13.8841 -2.74874
20.0057 14.2477 -2.36959
20.1365 14.6177 -1.98388
20.2719 15.0006 -1.58473
20.3998 15.3622 -1.20775
20.5343 15.7425 -0.811226
20.6623 16.1044 -0.434015
20.7908 16.4776 -0.0438424
20.9164 16.8523 0.349118
21.0355 17.208 0.722113
21.161 17.5827 1.11506
21.2917 17.9727 1.52405
21.4181 18.3499 1.91966
21.5492 18.7414 2.33017
21.6775 19.1243 2.73171
21.807 19.5111 3.13729
21.9267 19.8681 3.51169
22.0491 20.2335 3.89485
22.1741 20.6066 4.28619
22.301 20.9857 4.68366
22.4276 21.3636 5.07996
22.5514 21.7329 5.46732
22.6759 22.0968 5.88518
22.79 22.4175 6.29838
22.905 22.7146 6.75456
23.0193 22.994 7.23684
23.1272 23.2379 7.70458
23.2376 23.4748 8.21056
23.3414 23.6755 8.68601
23.458 23.8661 9.22041
23.5736 24.0239 9.76678
23.6808 24.1421 10.3272
23.7756 24.2477 10.8607
23.8724 24.348 11.4051
23.9728 24.4291 11.9701
24.0728 24.4829 12.5329
24.1714 24.5285 13.0874
24.2697 24.5627 13.6406
24.3684 24.5958 14.2066
24.4319 24.5882 14.7848
24.4793 24.5645 15.3397
24.5258 24.5331 15.9068
24.5728 24.5014 16.4782
24.619 24.4526 17.0408
24.6601 24.3963 17.5782
24.6723 24.3014 18.1043
24.6786 24.1897 18.642
24.656 24.0478 19.1958
24.6259 23.9057 19.7351
24.5922 23.7518 20.2818
24.5592 23.6013 20.8167
24.5277 23.4575 21.3277
24.4947 23.3068 21.8634
24.4633 23.1634 22.3727
24.4305 23.0138 22.9046
24.3994 22.8718 23.4091
24.3665 22.7217 23.9424
24.3333 22.5702 24.4809
24.2994 22.4157 25.03
24.265 22.2586 25.5882
24.2316 22.106 26.1304
24.1988 21.9348 26.6614
24.1664 21.7399 27.1881
24.1337 21.5282 27.7175
24.1038 21.3063 28.2022
24.0614 21.0248 28.6906
24.0077 20.7123 29.1793
23.9553 20.4061 29.6167
23.8995 20.0733 30.0828
23.8452 19.7439 30.5146
23.7709 19.3779 30.929
23.6967 19.0032 31.308
23.6131 18.5903 31.7071
23.5347 18.2077 32.0588
23.4492 17.7816 32.4225
23.3718 17.3965 32.7514
23.2941 17.0096 33.0818
23.161 16.6344 33.4624
22.9615 16.2941 33.864
22.7179 16.0071 34.2469
22.4519 15.714 34.6462
22.2061 15.443 35.0151
21.9496 15.1604 35.4
21.6906 14.875 35.7888
21.418 14.5746 36.1979
21.1478 14.2768 36.6035
20.8807 13.9824 37.0044
20.6215 13.6968 37.3934
20.3801 13.4308 37.7557
20.1317 13.1571 38.1285
19.8717 12.8706 38.5187
19.621 12.5943 38.895
19.3557 12.302 39.2931
19.1077 12.0287 39.6654
18.8391 11.7327 40.0685
18.5753 11.4419 40.4645
18.3086 11.1481 40.8647
18.0419 10.8542 41.2649
17.7862 10.5895 41.6392
17.4821 10.3232 42.0431
17.1742 10.0765 42.4377
16.8639 9.8278 42.8352
16.5579 9.58255 43.2274
16.2668 9.3492 43.6005
15.9621 9.10498 43.9909
15.6714 8.87202 44.3634
15.375 8.63446 44.7432
15.0709 8.40361 45.133
14.7708 8.20372 45.5176
14.4374 8.00833 45.9321
14.0931 7.82109 46.3579
13.7762 7.65803 46.7499
13.4335 7.48564 47.1738
13.0963 7.33246 47.5877
12.7346 7.19841 48.0168
12.3675 7.10189 48.4497
12 7.04533 48.8699
11.6482 7.01903 49.2721
11.2994 6.99627 49.6709
10.9347 6.97247 50.0879
10.5835 6.94955 50.4894
10.2313 6.92656 50.8921
9.86631 6.90274 51.3094
9.48892 6.87811 51.7409
9.10954 6.85335 52.1747
8.73611 6.82898 52.6016
8.35044 6.80381 53.0426
7.99454 6.78058 53.4495
7.62607 6.75653 53.8708
7.26494 6.73296 54.2837
6.89898 6.70923 54.6972
6.50682 6.69448 55.0591
6.08358 6.69059 55.4117
5.6391 6.68652 55.7793
5.22976 6.68276 56.1179
4.80244 6.67884 56.4714
4.38284 6.67499 56.8185
3.94992 6.67102 57.1766
3.52267 6.6672 57.5095
3.06353 6.66325 57.8268
2.59536 6.65723 58.1434
2.09657 6.63924 58.4314
1.57532 6.61219 58.6687
1.03932 6.58495 58.8817
0.549928 6.56011 59.0742
0.0271355 6.53358 59.2799
-0.455164 6.5091 59.4697
-0.965281 6.48321 59.6704
-1.46579 6.45781 59.8673
-1.98183 6.43187 60.0542
-2.5309 6.40531 60.1755
-3.0777 6.37896 60.2869
-3.64587 6.35157 60.4027
-4.18285 6.32569 60.5122
-4.75126 6.29843 60.6113
-5.31389 6.27163 60.6856
-5.85825 6.24583 60.7309
-6.42172 6.21918 60.7622
-6.98107 6.19274 60.7851
-7.5427 6.1662 60.7959
-8.0763 6.14099 60.7792
-8.61047 6.11563 60.7261
-9.15594 6.08967 60.6576
-9.66946 6.06522 60.593
-10.2259 6.03874 60.5231
-10.7611 6.01326 60.4559
-11.321 5.98655 60.3768
-11.835 5.98018 60.264
-12.381 5.98296 60.129
-12.922 5.98573 59.9743
-13.4514 5.98846 59.816
-13.9948 5.99125 59.6535
-14.5244 5.99398 59.4951
-15.0529 5.9967 59.337
-15.5793 5.99941 59.1796
-16.094 6.00212 58.9862
-16.5988 6.00487 58.7504
-17.0676 6.00743 58.528
-17.5541 6.01009 58.2972
-18.0508 6.0128 58.0616
-18.5763 6.01567 57.8123
-19.0635 6.01838 57.5573
-19.5641 6.02117 57.2953
-20.0612 6.02393 57.0351
-20.5057 6.01911 56.7774
-20.9607 6.00242 56.4463
-21.3758 5.96982 56.1109
-21.7955 5.93252 55.7567
-22.1979 5.89676 55.417
-22.6022 5.86053 55.069
-22.9725 5.82274 54.6541
-23.3043 5.78593 54.2256
-23.6211 5.74903 53.7842
-23.9193 5.71242 53.3353
-24.2286 5.67363 52.8549
-24.5423 5.63428 52.3678
-24.8523 5.59476 51.8754
-25.1405 5.56655 51.3792
-25.394 5.53966 50.8948
-25.648 5.52081 50.3821
-25.8967 5.50411 49.8756
-26.1424 5.48761 49.3755
-26.3937 5.49046 48.8637
-26.6346 5.50632 48.3493
-26.8818 5.52792 47.8214
-27.127 5.56052 47.2712
-27.3338 5.60294 46.7439
-27.5254 5.66055 46.1965
-27.6971 5.74065 45.6482
-27.8441 5.82803 45.1161
-27.9921 5.91598 44.5804
-28.146 6.00747 44.0233
-28.2924 6.11045 43.4932
-28.4398 6.24876 42.9598
-28.5888 6.41116 42.4203
-28.7344 6.58849 41.893
-28.8844 6.78165 41.3501
-29.0303 6.98517 40.8221
-29.1689 7.22772 40.3204
-29.3003 7.48658 39.8446
-29.4302 7.75636 39.3744
-29.5657 8.04184 38.9214
-29.7168 8.34443 38.4643
-29.8601 8.63457 38.0411
-30.0137 8.94058 37.5956
-30.1722 9.24561 37.1534
-30.325 9.53954 36.7273
-30.4813 9.84023 36.2914
-30.6325 10.131 35.87
-30.7926 10.4391 35.4232
-30.9608 10.7626 34.9543
-31.1226 11.0739 34.5031
-31.3007 11.3899 34.0502
-31.4793 11.7107 33.6121
-31.6783 12.0422 33.1655
-31.8573 12.3363 32.7704
-32.0699 12.6557 32.35
-32.29 12.9445 31.9853
-32.5204 13.2439 31.6085
-32.7584 13.5533 31.2192
-33.0137 13.885 30.8018
-33.2419 14.1816 30.4286
-33.4623 14.468 30.0681
-33.7079 14.7872 29.6665
-33.9631 15.1188 29.2491
-34.2058 15.4344 28.8521
-34.4516 15.7537 28.4502
-34.694 16.0688 28.0537
-34.9414 16.3903 27.6491
-35.1925 16.7017 27.2561
-35.4929 17.0016 26.8716
-35.849 17.2619 26.4984
-36.2269 17.5002 26.1297
-36.6373 17.7035 25.7783
-37.0759 17.8773 25.4498
-37.5155 18.0111 25.1732
-38.0033 18.1366 24.9046
-38.4826 18.2594 24.6445
-38.962 18.3773 24.3843
-39.4569 18.4937 24.1157
-39.9539 18.6094 23.8577
-40.4371 18.7111 23.6069
-40.9451 18.7955 23.3549
-41.4516 18.8691 23.1036
-41.9638 18.9436 22.8494
-42.4622 19.016 22.6021
-42.9727 19.0903 22.3488
-43.5051 19.153 22.0803
-43.9993 19.1737 21.8142
-44.4837 19.1579 21.5258
-44.9758 19.1324 21.2304
-45.4464 19.0979 20.948
-45.9055 19.0643 20.6724
-46.3945 19.0286 20.3789
-46.8827 18.9928 20.0858
-47.3658 18.9467 19.7959
-47.8579 18.8874 19.5005
-48.3565 18.8142 19.2012
-48.8359 18.7173 18.9012
-49.2958 18.6207 18.6134
-49.7665 18.5132 18.31
-50.2122 18.3766 17.9723
-50.631 18.2222 17.6172
-51.015 18.0602 17.2668
-51.392 17.884 16.9126
-51.7594 17.7121 16.5674
-52.1057 17.5255 16.2189
-52.4535 17.3049 15.8502
-52.7697 17.0734 15.4961
-53.0799 16.7992 15.1058
-53.3479 16.5292 14.7272
-53.6081 16.2404 14.3247
-53.8355 15.9514 13.9492
-54.064 15.6468 13.5468
-54.2702 15.3566 13.1759
-54.4652 15.0574 12.7968
-54.6352 14.7171 12.3678
-54.786 14.3876 11.9467
-54.9425 14.0455 11.5096
-55.0949 13.7122 11.0836
-55.2456 13.3828 10.6627
-55.3581 13.0766 10.2528
-55.4588 12.7572 9.7973
-55.5497 12.4456 9.35143
-55.6421 12.1289 8.89832
-55.7326 11.8187 8.45446
-55.792 11.5202 8.01115
-55.8182 11.2242 7.52125
-55.8296 10.9285 7.00495
-55.8344 10.6585 6.51076
-55.8331 10.3895 6.00354
-55.832 10.149 5.5377
-55.8097 9.91359 5.02498
-55.7795 9.69471 4.51038
-55.7473 9.49543 4.00919
-55.7095 9.30771 3.51128
-55.67 9.1113 2.99031
-55.6301 8.9133 2.46512
-55.5874 8.73963 1.92861
-55.5129 8.608 1.37061
-55.4384 8.49484 0.827693
-55.3629 8.38017 0.27755
-55.2902 8.26961 -0.252898
-55.2174 8.159 -0.783576
-55.1484 8.0542 -1.28637
-55.0592 7.93937 -1.8352
-54.9257 7.83171 -2.33874
-54.7435 7.71354 -2.88123
-54.5676 7.59951 -3.40469
-54.3955 7.48789 -3.91711
-54.2203 7.37424 -4.43881
-54.0462 7.26138 -4.95693
-53.8631 7.14262 -5.5021
-53.6831 7.02592 -6.03779
-53.555 6.95617 -6.57063
-53.4582 6.93949 -7.12238
-53.3952 6.96879 -7.6658
-53.3395 7.019 -8.21604
-53.2826 7.07231 -8.77901
-53.2337 7.12769 -9.31203
-53.1871 7.2003 -9.87554
-53.1454 7.26686 -10.3803
-53.1 7.33929 -10.9295
-53.0535 7.41363 -11.4932
-53.0079 7.48635 -12.0446
-52.9611 7.56111 -12.6115
-52.9142 7.63596 -13.1791
-52.8675 7.71042 -13.7437
-52.8226 7.78211 -14.2873
-52.7754 7.85748 -14.8588
-52.7308 7.92872 -15.399
-52.6875 7.9978 -15.9228
-52.6474 8.06877 -16.4612
-52.6441 8.14278 -17.0242
-52.6553 8.21572 -17.5791
-52.674 8.28477 -18.1041
-52.6938 8.35767 -18.6584
-52.7243 8.42777 -19.1909
-52.7818 8.50258 -19.757
-52.8532 8.57491 -20.3026
-52.942 8.64522 -20.8301
-53.0575 8.71982 -21.3859
-53.1909 8.7948 -21.9405
-53.3409 8.86851 -22.4808
-53.518 8.92922 -23.0311
-53.6959 8.9808 -23.571
-53.885 9.0218 -24.1104
-54.0931 9.02971 -24.6374
-54.2875 9.0371 -25.1297
-54.4977 9.0451 -25.662
-54.6987 9.05274 -26.1708
-54.9109 9.06081 -26.7083
-55.1183 9.0687 -27.2334
-55.3325 9.07623 -27.7283
-55.5827 9.08423 -28.2432
-55.835 9.09208 -28.7456
-56.089 9.09998 -29.2511
-56.3345 9.10797 -29.7674
-56.5094 9.06204 -30.3148
-56.6214 9.00628 -30.8502
-56.7051 8.95208 -31.3752
-56.7801 8.89734 -31.907
-56.8564 8.84157 -32.4488
-56.9325 8.78603 -32.9882
-56.9859 8.73993 -33.5142
-57.0104 8.69736 -34.0868
-57.0183 8.66137 -34.647
-57.0135 8.62592 -35.1988
-57.0087 8.58983 -35.7606
-56.9951 8.55299 -36.334
-56.9803 8.51736 -36.8885
-56.9537 8.48343 -37.4161
-56.9173 8.44822 -37.963
-56.8571 8.41248 -38.516
-56.7689 8.3757 -39.0817
-56.6851 8.34241 -39.5932
-56.5892 8.30634 -40.1465
-56.4933 8.2725 -40.6645
-56.3456 8.23187 -41.1736
-56.1374 8.16235 -41.6898
-55.9017 8.08481 -42.2037
-55.6811 8.01223 -42.6846
-55.4483 7.93562 -43.1922
-55.2256 7.86235 -43.6777
-54.9941 7.78619 -44.1824
-54.7785 7.71525 -44.6525
-54.5494 7.63987 -45.1519
-54.3229 7.56535 -45.6457
-54.0985 7.49151 -46.1351
-53.8628 7.41397 -46.6489
-53.6183 7.33353 -47.1819
-53.3821 7.25582 -47.6968
-53.1359 7.19653 -48.2001
-52.8433 7.1661 -48.6918
-52.5289 7.15851 -49.1321
-52.1933 7.1634 -49.5749
-51.8395 7.16855 -50.0415
-51.4609 7.17364 -50.4764
-51.0123 7.16255 -50.8249
-50.5123 7.13633 -51.1103
-49.9806 7.1078 -51.3464
-49.4681 7.08059 -51.56
-48.9674 7.05399 -51.7688
-48.4458 7.02628 -51.9862
-47.9268 6.99871 -52.2026
-47.4292 6.97228 -52.41
-46.9021 6.94459 -52.6124
-46.3972 6.91834 -52.7905
-45.8606 6.89044 -52.9798
-45.3266 6.86268 -53.1681
-44.8207 6.83638 -53.3466
-44.2971 6.80916 -53.5313
-43.7857 6.78282 -53.695
-43.2138 6.76473 -53.8166
-42.6418 6.75595 -53.8845
-42.0948 6.74922 -53.9399
-41.5361 6.74235 -53.9964
-41.0079 6.73586 -54.0358
-40.4323 6.72879 -53.998
-39.8425 6.72143 -53.8819
-39.2877 6.71449 -53.7644
-38.7333 6.70755 -53.647
-38.1964 6.70083 -53.5332
-37.6308 6.69375 -53.4134
-37.0579 6.68654 -53.2759
-36.5048 6.6894 -53.1415
-35.9314 6.69418 -53.0075
-35.3914 6.69869 -52.8813
-34.8247 6.70335 -52.7926
-34.2558 6.708 -52.7253
-33.6885 6.7052 -52.6805
-33.1318 6.6987 -52.6383
-32.5524 6.69193 -52.5944
-31.9927 6.6854 -52.5519
-31.4455 6.67901 -52.5105
-30.8892 6.67251 -52.4683
-30.3446 6.66615 -52.427
-29.7991 6.65978 -52.3856
-29.2561 6.65033 -52.3239
-28.7348 6.61519 -52.1787
-28.2161 6.58002 -52.021
-27.6605 6.54233 -51.8521
-27.1274 6.50618 -51.6901
-26.5813 6.46914 -51.5241
-26.0388 6.43235 -51.3592
-25.5061 6.41037 -51.186
-24.9764 6.42921 -50.9786
-24.4651 6.44739 -50.7783
-23.9478 6.46578 -50.5757
-23.4459 6.48365 -50.3775
-22.9679 6.48281 -50.1355
-22.4836 6.48024 -49.8666
-22.0069 6.47771 -49.602
-21.5194 6.47512 -49.3313
-21.0418 6.47259 -49.0661
-20.5829 6.4649 -48.7812
-20.1294 6.45196 -48.472
-19.6773 6.43905 -48.1637
-19.2262 6.42617 -47.8561
-18.7831 6.41352 -47.5539
-18.3297 6.40058 -47.2448
-17.8762 6.38763 -46.9355
-17.4058 6.3742 -46.6148
-16.9511 6.36121 -46.3047
-16.5025 6.3484 -45.9988
-16.044 6.33532 -45.6862
-15.5834 6.32217 -45.3721
-15.1168 6.30884 -45.0539
-14.6428 6.29531 -44.7306
-14.1656 6.28168 -44.4052
-13.6978 6.26833 -44.0862
-13.2439 6.25537 -43.7767
-12.7692 6.24176 -43.4486
-12.3287 6.22809 -43.0722
-11.9073 6.21494 -42.7075
-11.466 6.20117 -42.3256
-11.0507 6.18822 -41.9663
-10.6296 6.17508 -41.6019
-10.1994 6.16166 -41.2296
-9.78366 6.14869 -40.8699
-9.35204 6.13523 -40.4964
